
==BEFORE CONNECT==

SET_BLE_EVT_CONNECT

VBUS_EVT_APP_GET_DEVICE_INFO  TX >>> 02 01
RX <<< 03 30 55 01 00 00 00 00 00 00 00 00 00 00 00 00 00 00 00 00
RX <<< 02 01 14 02 11 01 00 40 00 01 01 00 28 02 01 03 03 00 00 00

VBUS_EVT_APP_GET_DEVICE_INFO  TX >>> 02 01
RX <<< 02 01 14 02 11 01 00 40 00 01 01 00 28 02 01 03 03 00 00 00

108(VBUS_EVT_APP_SET_UINT)  TX >>> 03 11 01 01 01 00 00 02 00 00 00 01 01 01 01 00 00
RX <<< 03 11 00 00 00 00 00 00 00 00 00 00 00 00 00 00 00 00 00 00

VBUS_EVT_APP_GET_DEVICE_INFO  TX >>> 02 01
RX <<< 02 01 14 02 11 01 00 40 00 01 01 00 28 02 01 03 03 00 00 00

VBUS_EVT_APP_GET_DEVICE_INFO  TX >>> 02 01
RX <<< 02 01 14 02 11 01 00 40 00 01 01 00 28 02 01 03 03 00 00 00

515(VBUS_EVT_APP_GET_FUNC_TABLE_USER)  TX >>> 02 02
RX <<< 02 02 FB 0A FF 4A 3F 6F E8 15 3F 0A 08 01 02 00 51 CF 0E 7E

VBUS_EVT_APP_GET_FUNC_TABLE_EX  TX >>> 02 07
RX <<< 02 07 40 24 40 FF 38 4E D3 FF 0B 08 00 84 95 C7 06 01 00 34

VBUS_EVT_APP_GET_MTU_INFO  TX >>> 02 F0

V3_00_1A_GET_FUNC_TABLE  TX >>> 33 DA AD DA AD 01 0B 00 1A 00 02 00 5F F9
RX <<< 02 F0 00 89 00 89 00 E8 03 8C 00 00 00 00 00 00 00 00 00 00
RX <<< 33 DA AD DA AD 01 71 00 1A 00 02 00 01 09 40 00 00 00 00 00 00 00 04 00 00 00 00 00 00 00 00 00 00 00 00 00 00 00 00 00 00 00 00 00 00 00 00 00 00 00 00 00 00 00 00 00 00 00 00 00 00 00 00 00 00 00 00 00 00 00 00 00 00 00 00 00 00 00 00 00 00 00 00 00 00 00 00 00 00 00 00 00 00 00 00 00 00 00 00 00 00 00 00 00 00 00 00 00 00 00 00 00 00 00 FD DC

VBUS_EVT_APP_GET_DO_NOT_DISTURB  TX >>> 02 30

200(VBUS_EVT_APP_BIND_START)  TX >>> 04 01 F1 01 01 02 02 01 00
RX <<< 02 30 55 00 00 00 00 00 00 55 00 00 00 00 00 00 00 00 00 00
RX <<< 07 40 00 00 04 00 00 00 00 00 00 00 00 00 00 00 00 00 00 00

CMD_BLE_CONTROL_07_40  TX >>> 07 40 00 00 04 00 00 00 00 00 00 00 00 00 00 00 00 00
RX <<< 04 01 00 00 00 00 00 00 00 00 00 00 00 00 00 00 00 00 00 00

150(VBUS_EVT_APP_SET_WEATHER_SWITCH)  TX >>> 03 2D 55 00 00 00
RX <<< 03 2D 00 00 00 00 00 00 00 00 00 00 00 00 00 00 00 00 00 00

161(VBUS_EVT_APP_SET_CALORIE_DISTANCE_GOAL)  TX >>> 03 43 F4 01 00 00 00 00 00 00 08 07 00 00 FA 00 0E 06 0C 00
RX <<< 03 43 00 00 00 00 00 00 00 00 00 00 00 00 00 00 00 00 00 00

108(VBUS_EVT_APP_SET_UINT)  TX >>> 03 11 01 01 01 00 02 02 00 00 00 01 01 01 01 00 00
RX <<< 03 11 00 00 00 00 00 00 00 00 00 00 00 00 00 00 00 00 00 00

VBUS_EVT_APP_SET_UINT  TX >>> 03 11 01 01 01 00 02 02 00 00 00 01 01 01 01 00 00
RX <<< 03 11 00 00 00 00 00 00 00 00 00 00 00 00 00 00 00 00 00 00

VBUS_EVT_APP_GET_DEVICE_INFO  TX >>> 02 01

5010(VBUS_EVT_FUNC_V3_SET_HR_MODE)  TX >>> 33 DA AD DA AD 01 17 00 09 00 03 00 00 00 00 00 00 01 00 00 17 3B 00 00 B9 28

VBUS_EVT_FUNC_V3_SET_HR_MODE  TX >>> 33 DA AD DA AD 01 17 00 09 00 04 00 00 00 00 00 00 01 00 00 17 3B 00 00 BF 58
RX <<< 02 01 14 02 11 01 00 40 01 01 01 00 28 02 01 03 03 00 00 00

321(VBUS_EVT_APP_GET_BATT_INFO)  TX >>> 02 05
RX <<< 33 DA AD DA AD 01 1F 00 09 00 03 00 00 00 00 00 00 00 00 00 00 00 00 00 00 00 00 00 04 00 00 00 82 F1
RX <<< 33 DA AD DA AD 01 1F 00 09 00 04 00 00 00 00 00 00 00 00 00 00 00 00 00 00 00 00 00 04 00 00 00 AB E0
RX <<< 02 05 00 8A 0F 00 40 00 00 00 00 00 00 00 00 00 00 00 00 00

5018(VBUS_EVT_FUNC_V3_GET_ALARM)  TX >>> 33 DA AD DA AD 01 0C 00 0F 00 05 00 00 EF 9A

V3_00_08_SET_DIAL  TX >>> 33 DA AD DA AD 01 2A 00 08 00 06 00 00 00 00 00 00 00 00 00 00 00 00 00 00 00 00 00 00 00 00 00 00 00 00 00 00 00 00 00 00 00 00 62 6C

VBUS_EVT_FUNC_V3_GET_ALARM  TX >>> 33 DA AD DA AD 01 0C 00 0F 00 07 00 00 8F F4

107(VBUS_EVT_APP_SET_USER_INFO)  TX >>> 03 10 B4 40 1F 00 D6 07 03 01

5018(VBUS_EVT_FUNC_V3_GET_ALARM)  TX >>> 33 DA AD DA AD 01 0C 00 0F 00 08 00 00 BE D8

V3_00_08_SET_DIAL  TX >>> 33 DA AD DA AD 01 2A 00 08 00 09 00 00 00 00 00 00 00 00 00 00 00 00 00 00 00 00 00 00 00 00 00 00 00 00 00 00 00 00 00 00 00 00 71 D3

VBUS_EVT_FUNC_V3_GET_ALARM  TX >>> 33 DA AD DA AD 01 0C 00 0F 00 0A 00 00 DE B6

VBUS_EVT_FUNC_V3_GET_ALARM  TX >>> 33 DA AD DA AD 01 0C 00 0F 00 0B 00 00 EE 81

V3_00_08_SET_DIAL  TX >>> 33 DA AD DA AD 01 2A 00 08 00 0C 00 00 00 00 00 00 00 00 00 00 00 00 00 00 00 00 00 00 00 00 00 00 00 00 00 00 00 00 00 00 00 00 9F 49

VBUS_EVT_FUNC_V3_GET_ALARM  TX >>> 33 DA AD DA AD 01 0C 00 0F 00 0D 00 00 4E 33

VBUS_EVT_FUNC_V3_GET_ALARM  TX >>> 33 DA AD DA AD 01 0C 00 0F 00 0E 00 00 1E 6A

V3_00_08_SET_DIAL  TX >>> 33 DA AD DA AD 01 2A 00 08 00 0F 00 00 00 00 00 00 00 00 00 00 00 00 00 00 00 00 00 00 00 00 00 00 00 00 00 00 00 00 00 00 00 00 DA CF

VBUS_EVT_FUNC_V3_GET_ALARM  TX >>> 33 DA AD DA AD 01 0C 00 0F 00 10 00 00 7C 32
RX <<< 33 DA AD DA AD 01 61 01 0F 00 05 00 00 0A 00 00 00 00 00 00 00 00 00 00 00 00 00 00 00 00 00 00 00 00 00 00 00 00 00 00 00 00 00 00 00 00 00 00 00 00 00 00 00 00 00 00 00 00 00 00 00 00 00 00 00 00 00 00 00 00 00 00 00 00 00 00 00 00 00 00 00 00 00 00 00 00 00 00 00 00 00 00 00 00 00 00 00 00 00 00 00 00 00 00 00 00 00 00 00 00 00 00 00 00 00 00 00 00 00 00 00 00 00 00 00 00 00 00 00 00 00 00 00 00 00 00 00
RX <<< 33 00 00 00 00 00 00 00 00 00 00 00 00 00 00 00 00 00 00 00 00 00 00 00 00 00 00 00 00 00 00 00 00 00 00 00 00 00 00 00 00 00 00 00 00 00 00 00 00 00 00 00 00 00 00 00 00 00 00 00 00 00 00 00 00 00 00 00 00 00 00 00 00 00 00 00 00 00 00 00 00 00 00 00 00 00 00 00 00 00 00 00 00 00 00 00 00 00 00 00 00 00 00 00 00 00 00 00 00 00 00 00 00 00 00 00 00 00 00 00 00 00 00 00 00 00 00 00 00 00 00 00 00 00 00 00 00
RX <<< 33 00 00 00 00 00 00 00 00 00 00 00 00 00 00 00 00 00 00 00 00 00 00 00 00 00 00 00 00 00 00 00 00 00 00 00 00 00 00 00 00 00 00 00 00 00 00 00 00 00 00 00 00 00 00 00 00 00 00 00 00 00 00 00 00 00 00 00 00 00 00 00 00 00 00 00 00 00 00 00 00 00 54 14

5018(VBUS_EVT_FUNC_V3_GET_ALARM)  TX >>> 33 DA AD DA AD 01 0C 00 0F 00 11 00 00 4C 05

V3_00_08_SET_DIAL  TX >>> 33 DA AD DA AD 01 2A 00 08 00 12 00 00 00 00 00 00 00 00 00 00 00 00 00 00 00 00 00 00 00 00 00 00 00 00 00 00 00 00 00 00 00 00 98 27

VBUS_EVT_FUNC_V3_GET_ALARM  TX >>> 33 DA AD DA AD 01 0C 00 0F 00 13 00 00 2C 6B
RX <<< 33 DA AD DA AD 01 2B 00 08 00 06 00 00 00 6C 6F 63 61 6C 5F 31 00 00 00 00 00 00 00 00 00 00 00 00 00 00 00 00 00 00 00 00 00 00 00 1A 0B
RX <<< 33 DA AD DA AD 01 61 01 0F 00 07 00 00 0A 00 00 00 00 00 00 00 00 00 00 00 00 00 00 00 00 00 00 00 00 00 00 00 00 00 00 00 00 00 00 00 00 00 00 00 00 00 00 00 00 00 00 00 00 00 00 00 00 00 00 00 00 00 00 00 00 00 00 00 00 00 00 00 00 00 00 00 00 00 00 00 00 00 00 00 00 00 00 00 00 00 00 00 00 00 00 00 00 00 00 00 00 00 00 00 00 00 00 00 00 00 00 00 00 00 00 00 00 00 00 00 00 00 00 00 00 00 00 00 00 00 00 00
RX <<< 33 00 00 00 00 00 00 00 00 00 00 00 00 00 00 00 00 00 00 00 00 00 00 00 00 00 00 00 00 00 00 00 00 00 00 00 00 00 00 00 00 00 00 00 00 00 00 00 00 00 00 00 00 00 00 00 00 00 00 00 00 00 00 00 00 00 00 00 00 00 00 00 00 00 00 00 00 00 00 00 00 00 00 00 00 00 00 00 00 00 00 00 00 00 00 00 00 00 00 00 00 00 00 00 00 00 00 00 00 00 00 00 00 00 00 00 00 00 00 00 00 00 00 00 00 00 00 00 00 00 00 00 00 00 00 00 00
RX <<< 33 00 00 00 00 00 00 00 00 00 00 00 00 00 00 00 00 00 00 00 00 00 00 00 00 00 00 00 00 00 00 00 00 00 00 00 00 00 00 00 00 00 00 00 00 00 00 00 00 00 00 00 00 00 00 00 00 00 00 00 00 00 00 00 00 00 00 00 00 00 00 00 00 00 00 00 00 00 00 00 00 00 2B 93
RX <<< 03 10 00 00 00 00 00 00 00 00 00 00 00 00 00 00 00 00 00 00

157(VBUS_EVT_APP_SET_CONN_PARAM)  TX >>> 03 35 01 00 00 00 00 00 00 00 00 00
RX <<< 33 DA AD DA AD 01 61 01 0F 00 08 00 00 0A 00 00 00 00 00 00 00 00 00 00 00 00 00 00 00 00 00 00 00 00 00 00 00 00 00 00 00 00 00 00 00 00 00 00 00 00 00 00 00 00 00 00 00 00 00 00 00 00 00 00 00 00 00 00 00 00 00 00 00 00 00 00 00 00 00 00 00 00 00 00 00 00 00 00 00 00 00 00 00 00 00 00 00 00 00 00 00 00 00 00 00 00 00 00 00 00 00 00 00 00 00 00 00 00 00 00 00 00 00 00 00 00 00 00 00 00 00 00 00 00 00 00 00
RX <<< 33 00 00 00 00 00 00 00 00 00 00 00 00 00 00 00 00 00 00 00 00 00 00 00 00 00 00 00 00 00 00 00 00 00 00 00 00 00 00 00 00 00 00 00 00 00 00 00 00 00 00 00 00 00 00 00 00 00 00 00 00 00 00 00 00 00 00 00 00 00 00 00 00 00 00 00 00 00 00 00 00 00 00 00 00 00 00 00 00 00 00 00 00 00 00 00 00 00 00 00 00 00 00 00 00 00 00 00 00 00 00 00 00 00 00 00 00 00 00 00 00 00 00 00 00 00 00 00 00 00 00 00 00 00 00 00 00
RX <<< 33 00 00 00 00 00 00 00 00 00 00 00 00 00 00 00 00 00 00 00 00 00 00 00 00 00 00 00 00 00 00 00 00 00 00 00 00 00 00 00 00 00 00 00 00 00 00 00 00 00 00 00 00 00 00 00 00 00 00 00 00 00 00 00 00 00 00 00 00 00 00 00 00 00 00 00 00 00 00 00 00 00 9A FC
RX <<< 33 DA AD DA AD 01 2B 00 08 00 09 00 00 00 6C 6F 63 61 6C 5F 31 00 00 00 00 00 00 00 00 00 00 00 00 00 00 00 00 00 00 00 00 00 00 00 2E 4E
RX <<< 33 DA AD DA AD 01 61 01 0F 00 0A 00 00 0A 00 00 00 00 00 00 00 00 00 00 00 00 00 00 00 00 00 00 00 00 00 00 00 00 00 00 00 00 00 00 00 00 00 00 00 00 00 00 00 00 00 00 00 00 00 00 00 00 00 00 00 00 00 00 00 00 00 00 00 00 00 00 00 00 00 00 00 00 00 00 00 00 00 00 00 00 00 00 00 00 00 00 00 00 00 00 00 00 00 00 00 00 00 00 00 00 00 00 00 00 00 00 00 00 00 00 00 00 00 00 00 00 00 00 00 00 00 00 00 00 00 00 00
RX <<< 33 00 00 00 00 00 00 00 00 00 00 00 00 00 00 00 00 00 00 00 00 00 00 00 00 00 00 00 00 00 00 00 00 00 00 00 00 00 00 00 00 00 00 00 00 00 00 00 00 00 00 00 00 00 00 00 00 00 00 00 00 00 00 00 00 00 00 00 00 00 00 00 00 00 00 00 00 00 00 00 00 00 00 00 00 00 00 00 00 00 00 00 00 00 00 00 00 00 00 00 00 00 00 00 00 00 00 00 00 00 00 00 00 00 00 00 00 00 00 00 00 00 00 00 00 00 00 00 00 00 00 00 00 00 00 00 00
RX <<< 33 00 00 00 00 00 00 00 00 00 00 00 00 00 00 00 00 00 00 00 00 00 00 00 00 00 00 00 00 00 00 00 00 00 00 00 00 00 00 00 00 00 00 00 00 00 00 00 00 00 00 00 00 00 00 00 00 00 00 00 00 00 00 00 00 00 00 00 00 00 00 00 00 00 00 00 00 00 00 00 00 00 E5 7B
RX <<< 33 DA AD DA AD 01 61 01 0F 00 0B 00 00 0A 00 00 00 00 00 00 00 00 00 00 00 00 00 00 00 00 00 00 00 00 00 00 00 00 00 00 00 00 00 00 00 00 00 00 00 00 00 00 00 00 00 00 00 00 00 00 00 00 00 00 00 00 00 00 00 00 00 00 00 00 00 00 00 00 00 00 00 00 00 00 00 00 00 00 00 00 00 00 00 00 00 00 00 00 00 00 00 00 00 00 00 00 00 00 00 00 00 00 00 00 00 00 00 00 00 00 00 00 00 00 00 00 00 00 00 00 00 00 00 00 00 00 00
RX <<< 33 00 00 00 00 00 00 00 00 00 00 00 00 00 00 00 00 00 00 00 00 00 00 00 00 00 00 00 00 00 00 00 00 00 00 00 00 00 00 00 00 00 00 00 00 00 00 00 00 00 00 00 00 00 00 00 00 00 00 00 00 00 00 00 00 00 00 00 00 00 00 00 00 00 00 00 00 00 00 00 00 00 00 00 00 00 00 00 00 00 00 00 00 00 00 00 00 00 00 00 00 00 00 00 00 00 00 00 00 00 00 00 00 00 00 00 00 00 00 00 00 00 00 00 00 00 00 00 00 00 00 00 00 00 00 00 00
RX <<< 33 00 00 00 00 00 00 00 00 00 00 00 00 00 00 00 00 00 00 00 00 00 00 00 00 00 00 00 00 00 00 00 00 00 00 00 00 00 00 00 00 00 00 00 00 00 00 00 00 00 00 00 00 00 00 00 00 00 00 00 00 00 00 00 00 00 00 00 00 00 00 00 00 00 00 00 00 00 00 00 00 00 4A B0
RX <<< 33 DA AD DA AD 01 2B 00 08 00 0C 00 00 00 6C 6F 63 61 6C 5F 31 00 00 00 00 00 00 00 00 00 00 00 00 00 00 00 00 00 00 00 00 00 00 00 DD 82
RX <<< 33 DA AD DA AD 01 61 01 0F 00 0D 00 00 0A 00 00 00 00 00 00 00 00 00 00 00 00 00 00 00 00 00 00 00 00 00 00 00 00 00 00 00 00 00 00 00 00 00 00 00 00 00 00 00 00 00 00 00 00 00 00 00 00 00 00 00 00 00 00 00 00 00 00 00 00 00 00 00 00 00 00 00 00 00 00 00 00 00 00 00 00 00 00 00 00 00 00 00 00 00 00 00 00 00 00 00 00 00 00 00 00 00 00 00 00 00 00 00 00 00 00 00 00 00 00 00 00 00 00 00 00 00 00 00 00 00 00 00
RX <<< 33 00 00 00 00 00 00 00 00 00 00 00 00 00 00 00 00 00 00 00 00 00 00 00 00 00 00 00 00 00 00 00 00 00 00 00 00 00 00 00 00 00 00 00 00 00 00 00 00 00 00 00 00 00 00 00 00 00 00 00 00 00 00 00 00 00 00 00 00 00 00 00 00 00 00 00 00 00 00 00 00 00 00 00 00 00 00 00 00 00 00 00 00 00 00 00 00 00 00 00 00 00 00 00 00 00 00 00 00 00 00 00 00 00 00 00 00 00 00 00 00 00 00 00 00 00 00 00 00 00 00 00 00 00 00 00 00
RX <<< 33 00 00 00 00 00 00 00 00 00 00 00 00 00 00 00 00 00 00 00 00 00 00 00 00 00 00 00 00 00 00 00 00 00 00 00 00 00 00 00 00 00 00 00 00 00 00 00 00 00 00 00 00 00 00 00 00 00 00 00 00 00 00 00 00 00 00 00 00 00 00 00 00 00 00 00 00 00 00 00 00 00 EA 29
RX <<< 33 DA AD DA AD 01 61 01 0F 00 0E 00 00 0A 00 00 00 00 00 00 00 00 00 00 00 00 00 00 00 00 00 00 00 00 00 00 00 00 00 00 00 00 00 00 00 00 00 00 00 00 00 00 00 00 00 00 00 00 00 00 00 00 00 00 00 00 00 00 00 00 00 00 00 00 00 00 00 00 00 00 00 00 00 00 00 00 00 00 00 00 00 00 00 00 00 00 00 00 00 00 00 00 00 00 00 00 00 00 00 00 00 00 00 00 00 00 00 00 00 00 00 00 00 00 00 00 00 00 00 00 00 00 00 00 00 00 00
RX <<< 33 00 00 00 00 00 00 00 00 00 00 00 00 00 00 00 00 00 00 00 00 00 00 00 00 00 00 00 00 00 00 00 00 00 00 00 00 00 00 00 00 00 00 00 00 00 00 00 00 00 00 00 00 00 00 00 00 00 00 00 00 00 00 00 00 00 00 00 00 00 00 00 00 00 00 00 00 00 00 00 00 00 00 00 00 00 00 00 00 00 00 00 00 00 00 00 00 00 00 00 00 00 00 00 00 00 00 00 00 00 00 00 00 00 00 00 00 00 00 00 00 00 00 00 00 00 00 00 00 00 00 00 00 00 00 00 00
RX <<< 33 00 00 00 00 00 00 00 00 00 00 00 00 00 00 00 00 00 00 00 00 00 00 00 00 00 00 00 00 00 00 00 00 00 00 00 00 00 00 00 00 00 00 00 00 00 00 00 00 00 00 00 00 00 00 00 00 00 00 00 00 00 00 00 00 00 00 00 00 00 00 00 00 00 00 00 00 00 00 00 00 00 3A 65
RX <<< 33 DA AD DA AD 01 2B 00 08 00 0F 00 00 00 6C 6F 63 61 6C 5F 31 00 00 00 00 00 00 00 00 00 00 00 00 00 00 00 00 00 00 00 00 00 00 00 93 36
RX <<< 33 DA AD DA AD 01 61 01 0F 00 10 00 00 0A 00 00 00 00 00 00 00 00 00 00 00 00 00 00 00 00 00 00 00 00 00 00 00 00 00 00 00 00 00 00 00 00 00 00 00 00 00 00 00 00 00 00 00 00 00 00 00 00 00 00 00 00 00 00 00 00 00 00 00 00 00 00 00 00 00 00 00 00 00 00 00 00 00 00 00 00 00 00 00 00 00 00 00 00 00 00 00 00 00 00 00 00 00 00 00 00 00 00 00 00 00 00 00 00 00 00 00 00 00 00 00 00 00 00 00 00 00 00 00 00 00 00 00
RX <<< 33 00 00 00 00 00 00 00 00 00 00 00 00 00 00 00 00 00 00 00 00 00 00 00 00 00 00 00 00 00 00 00 00 00 00 00 00 00 00 00 00 00 00 00 00 00 00 00 00 00 00 00 00 00 00 00 00 00 00 00 00 00 00 00 00 00 00 00 00 00 00 00 00 00 00 00 00 00 00 00 00 00 00 00 00 00 00 00 00 00 00 00 00 00 00 00 00 00 00 00 00 00 00 00 00 00 00 00 00 00 00 00 00 00 00 00 00 00 00 00 00 00 00 00 00 00 00 00 00 00 00 00 00 00 00 00 00
RX <<< 33 00 00 00 00 00 00 00 00 00 00 00 00 00 00 00 00 00 00 00 00 00 00 00 00 00 00 00 00 00 00 00 00 00 00 00 00 00 00 00 00 00 00 00 00 00 00 00 00 00 00 00 00 00 00 00 00 00 00 00 00 00 00 00 00 00 00 00 00 00 00 00 00 00 00 00 00 00 00 00 00 00 58 BA
RX <<< 33 DA AD DA AD 01 61 01 0F 00 11 00 00 0A 00 00 00 00 00 00 00 00 00 00 00 00 00 00 00 00 00 00 00 00 00 00 00 00 00 00 00 00 00 00 00 00 00 00 00 00 00 00 00 00 00 00 00 00 00 00 00 00 00 00 00 00 00 00 00 00 00 00 00 00 00 00 00 00 00 00 00 00 00 00 00 00 00 00 00 00 00 00 00 00 00 00 00 00 00 00 00 00 00 00 00 00 00 00 00 00 00 00 00 00 00 00 00 00 00 00 00 00 00 00 00 00 00 00 00 00 00 00 00 00 00 00 00
RX <<< 33 00 00 00 00 00 00 00 00 00 00 00 00 00 00 00 00 00 00 00 00 00 00 00 00 00 00 00 00 00 00 00 00 00 00 00 00 00 00 00 00 00 00 00 00 00 00 00 00 00 00 00 00 00 00 00 00 00 00 00 00 00 00 00 00 00 00 00 00 00 00 00 00 00 00 00 00 00 00 00 00 00 00 00 00 00 00 00 00 00 00 00 00 00 00 00 00 00 00 00 00 00 00 00 00 00 00 00 00 00 00 00 00 00 00 00 00 00 00 00 00 00 00 00 00 00 00 00 00 00 00 00 00 00 00 00 00
RX <<< 33 00 00 00 00 00 00 00 00 00 00 00 00 00 00 00 00 00 00 00 00 00 00 00 00 00 00 00 00 00 00 00 00 00 00 00 00 00 00 00 00 00 00 00 00 00 00 00 00 00 00 00 00 00 00 00 00 00 00 00 00 00 00 00 00 00 00 00 00 00 00 00 00 00 00 00 00 00 00 00 00 00 F7 71
RX <<< 33 DA AD DA AD 01 2B 00 08 00 12 00 00 00 6C 6F 63 61 6C 5F 31 00 00 00 00 00 00 00 00 00 00 00 00 00 00 00 00 00 00 00 00 00 00 00 B5 08
RX <<< 33 DA AD DA AD 01 61 01 0F 00 13 00 00 0A 00 00 00 00 00 00 00 00 00 00 00 00 00 00 00 00 00 00 00 00 00 00 00 00 00 00 00 00 00 00 00 00 00 00 00 00 00 00 00 00 00 00 00 00 00 00 00 00 00 00 00 00 00 00 00 00 00 00 00 00 00 00 00 00 00 00 00 00 00 00 00 00 00 00 00 00 00 00 00 00 00 00 00 00 00 00 00 00 00 00 00 00 00 00 00 00 00 00 00 00 00 00 00 00 00 00 00 00 00 00 00 00 00 00 00 00 00 00 00 00 00 00 00
RX <<< 33 00 00 00 00 00 00 00 00 00 00 00 00 00 00 00 00 00 00 00 00 00 00 00 00 00 00 00 00 00 00 00 00 00 00 00 00 00 00 00 00 00 00 00 00 00 00 00 00 00 00 00 00 00 00 00 00 00 00 00 00 00 00 00 00 00 00 00 00 00 00 00 00 00 00 00 00 00 00 00 00 00 00 00 00 00 00 00 00 00 00 00 00 00 00 00 00 00 00 00 00 00 00 00 00 00 00 00 00 00 00 00 00 00 00 00 00 00 00 00 00 00 00 00 00 00 00 00 00 00 00 00 00 00 00 00 00
RX <<< 33 00 00 00 00 00 00 00 00 00 00 00 00 00 00 00 00 00 00 00 00 00 00 00 00 00 00 00 00 00 00 00 00 00 00 00 00 00 00 00 00 00 00 00 00 00 00 00 00 00 00 00 00 00 00 00 00 00 00 00 00 00 00 00 00 00 00 00 00 00 00 00 00 00 00 00 00 00 00 00 00 00 88 F6
RX <<< 03 35 02 00 00 00 00 00 00 00 00 00 00 00 00 00 00 00 00 00

108(VBUS_EVT_APP_SET_UINT)  TX >>> 03 11 01 01 01 00 02 02 00 00 00 01 01 01 01 00 00
RX <<< 03 11 00 00 00 00 00 00 00 00 00 00 00 00 00 00 00 00 00 00

CMD_SET_03_E3_UNKNOWN  TX >>> 03 E3 10 01
RX <<< 03 E3 01 00 00 00 00 00 00 00 00 00 00 00 00 00 00 00 00 00

VBUS_EVT_APP_APP_GET_MAC  TX >>> 02 04
RX <<< 02 04 F9 24 12 2E 0C 32 00 00 00 00 00 00 00 00 00 00 00 00

VBUS_EVT_APP_GET_DEVICE_INFO  TX >>> 02 01
RX <<< 02 01 14 02 11 01 00 40 01 01 01 00 28 02 01 03 03 00 00 00

VBUS_EVT_APP_GET_DEVICE_INFO  TX >>> 02 01

V3_07_DIAL_OR_WRITE  TX >>> 33 DA AD DA AD 01 0B 00 07 00 14 00 AB 72

V3_00_08_SET_DIAL  TX >>> 33 DA AD DA AD 01 2A 00 08 00 15 00 00 00 00 00 00 00 00 00 00 00 00 00 00 00 00 00 00 00 00 00 00 00 00 00 00 00 00 00 00 00 00 EF B6

5018(VBUS_EVT_FUNC_V3_GET_ALARM)  TX >>> 33 DA AD DA AD 01 0C 00 0F 00 16 00 00 DC 80

104(VBUS_EVT_APP_SET_TIME)  TX >>> 03 01 EA 07 03 13 0C 07 2A 03 00 00 00 00 00 00
RX <<< 02 01 14 02 11 01 00 40 01 01 01 00 28 02 01 03 03 00 00 00

108(VBUS_EVT_APP_SET_UINT)  TX >>> 03 11 01 01 01 00 02 02 00 00 00 01 01 01 01 00 00
RX <<< 03 01 00 00 00 00 00 00 00 00 00 00 00 00 00 00 00 00 00 00
RX <<< 33 DA AD DA AD 01 1E 00 07 00 14 00 42 61 6E 64 20 38 00 00 00 00 78 00 F0 00 85 00 00 00 04 86 3F

107(VBUS_EVT_APP_SET_USER_INFO)  TX >>> 03 10 B4 40 1F 00 D6 07 03 01
RX <<< 33 DA AD DA AD 01 2B 00 08 00 15 00 00 00 6C 6F 63 61 6C 5F 31 00 00 00 00 00 00 00 00 00 00 00 00 00 00 00 00 00 00 00 00 00 00 00 2D EC
RX <<< 33 DA AD DA AD 01 61 01 0F 00 16 00 00 0A 00 00 00 00 00 00 00 00 00 00 00 00 00 00 00 00 00 00 00 00 00 00 00 00 00 00 00 00 00 00 00 00 00 00 00 00 00 00 00 00 00 00 00 00 00 00 00 00 00 00 00 00 00 00 00 00 00 00 00 00 00 00 00 00 00 00 00 00 00 00 00 00 00 00 00 00 00 00 00 00 00 00 00 00 00 00 00 00 00 00 00 00 00 00 00 00 00 00 00 00 00 00 00 00 00 00 00 00 00 00 00 00 00 00 00 00 00 00 00 00 00 00 00
RX <<< 33 00 00 00 00 00 00 00 00 00 00 00 00 00 00 00 00 00 00 00 00 00 00 00 00 00 00 00 00 00 00 00 00 00 00 00 00 00 00 00 00 00 00 00 00 00 00 00 00 00 00 00 00 00 00 00 00 00 00 00 00 00 00 00 00 00 00 00 00 00 00 00 00 00 00 00 00 00 00 00 00 00 00 00 00 00 00 00 00 00 00 00 00 00 00 00 00 00 00 00 00 00 00 00 00 00 00 00 00 00 00 00 00 00 00 00 00 00 00 00 00 00 00 00 00 00 00 00 00 00 00 00 00 00 00 00 00
RX <<< 33 00 00 00 00 00 00 00 00 00 00 00 00 00 00 00 00 00 00 00 00 00 00 00 00 00 00 00 00 00 00 00 00 00 00 00 00 00 00 00 00 00 00 00 00 00 00 00 00 00 00 00 00 00 00 00 00 00 00 00 00 00 00 00 00 00 00 00 00 00 00 00 00 00 00 00 00 00 00 00 00 00 F8 23
RX <<< 03 11 00 00 00 00 00 00 00 00 00 00 00 00 00 00 00 00 00 00

CMD_SET_03_E3_UNKNOWN  TX >>> 03 E3 10 01
RX <<< 03 10 00 00 00 00 00 00 00 00 00 00 00 00 00 00 00 00 00 00

108(VBUS_EVT_APP_SET_UINT)  TX >>> 03 11 01 01 01 00 02 02 00 00 00 01 01 01 01 00 00
RX <<< 03 E3 01 00 00 00 00 00 00 00 00 00 00 00 00 00 00 00 00 00

VBUS_EVT_APP_GET_DEVICE_INFO  TX >>> 02 01
RX <<< 03 11 00 00 00 00 00 00 00 00 00 00 00 00 00 00 00 00 00 00

105(VBUS_EVT_APP_SET_SPORT_GOAL)  TX >>> 03 03 00 10 27 00 00 00 00 00 00 01 00 00 00 00 00
RX <<< 02 01 14 02 11 01 00 40 01 00 01 00 28 02 01 03 03 00 00 00

VBUS_EVT_APP_APP_TO_BLE_MUSIC_START  TX >>> 06 01 00 00 00 00
RX <<< 03 03 00 00 00 00 00 00 00 00 00 00 00 00 00 00 00 00 00 00
RX <<< 06 01 00 00 00 00 00 00 00 00 00 00 00 00 00 00 00 00 00 00

322(VBUS_EVT_APP_GET_FLASH_BIN_INFO)  TX >>> 02 A7

103(VBUS_EVT_APP_SET_FIND_PHONE)  TX >>> 03 26 AA 00 00 00
RX <<< 02 A7 00 01 01 78 56 34 12 00 00 00 00 00 00 00 00 00 00 00
RX <<< 03 26 00 00 00 00 00 00 00 00 00 00 00 00 00 00 00 00 00 00

163(VBUS_EVT_APP_SET_PRESSURE)  TX >>> 03 45 AA 09 00 12 00 55 3F 3C 00 50 00 00 00 1E
RX <<< 03 45 00 00 00 00 00 00 00 00 00 00 00 00 00 00 00 00 00 00

114(VBUS_EVT_APP_SET_UP_HAND_GESTURE)  TX >>> 03 28 AA 05 01 00 00 17 3B
RX <<< 07 40 00 00 08 00 00 00 00 00 00 00 00 00 00 00 00 00 00 00

CMD_BLE_CONTROL_07_40  TX >>> 07 40 00 00 08 00 00 00 00 00 00 00 00 00 00 00 00 00
RX <<< 07 40 00 00 08 00 00 00 00 00 00 00 00 00 00 00 00 00 00 00

CMD_BLE_CONTROL_07_40  TX >>> 07 40 00 00 08 00 00 00 00 00 00 00 00 00 00 00 00 00

326  TX >>> 02 B1
RX <<< 07 40 00 00 08 00 00 00 00 00 00 00 00 00 00 00 00 00 00 00

CMD_BLE_CONTROL_07_40  TX >>> 07 40 00 00 08 00 00 00 00 00 00 00 00 00 00 00 00 00
RX <<< 07 40 00 00 08 00 00 00 00 00 00 00 00 00 00 00 00 00 00 00

CMD_BLE_CONTROL_07_40  TX >>> 07 40 00 00 08 00 00 00 00 00 00 00 00 00 00 00 00 00
RX <<< 03 28 00 00 00 00 00 00 00 00 00 00 00 00 00 00 00 00 00 00

116(VBUS_EVT_APP_SET_DO_NOT_DISTURB)  TX >>> 03 29 55 17 00 07 00 00 FE 55 17 00 07 00 55 55
RX <<< 02 B1 AA 05 01 00 00 17 3B 00 00 00 00 00 00 00 00 00 00 00

VBUS_EVT_APP_GET_WEATHER_SWITCH  TX >>> 02 B1
RX <<< 07 40 00 00 10 00 00 00 00 00 00 00 00 00 00 00 00 00 00 00

CMD_BLE_CONTROL_07_40  TX >>> 07 40 00 00 10 00 00 00 00 00 00 00 00 00 00 00 00 00
RX <<< 03 29 00 00 00 00 00 00 00 00 00 00 00 00 00 00 00 00 00 00

117(VBUS_EVT_APP_SET_MUISC_ONOFF)  TX >>> 03 2A AA 55
RX <<< 02 B1 AA 05 01 00 00 17 3B 00 00 00 00 00 00 00 00 00 00 00

VBUS_EVT_APP_GET_WEATHER_SWITCH  TX >>> 02 B1
RX <<< 03 2A 00 00 00 00 00 00 00 00 00 00 00 00 00 00 00 00 00 00

150(VBUS_EVT_APP_SET_WEATHER_SWITCH)  TX >>> 03 2D 55 00 00 00
RX <<< 02 B1 AA 05 01 00 00 17 3B 00 00 00 00 00 00 00 00 00 00 00

VBUS_EVT_APP_GET_WEATHER_SWITCH  TX >>> 02 B1
RX <<< 03 2D 00 00 00 00 00 00 00 00 00 00 00 00 00 00 00 00 00 00

112(VBUS_EVT_APP_SET_HEART_RATE_INTERVAL)  TX >>> 03 24 78 8C B4 C8 64 78 8C A0 B4 14 00 00 00 00 17 3B C8 00
RX <<< 02 B1 AA 05 01 00 00 17 3B 00 00 00 00 00 00 00 00 00 00 00

VBUS_EVT_APP_GET_DO_NOT_DISTURB  TX >>> 02 30
RX <<< 03 24 00 00 00 00 00 00 00 00 00 00 00 00 00 00 00 00 00 00

154(VBUS_EVT_APP_SET_SCREEN_BRIGHTNESS)  TX >>> 03 32 3C 00 02 03 13 00 06 00 00 00
RX <<< 02 30 55 17 00 07 00 02 FE 55 17 00 07 00 00 00 00 00 00 00

VBUS_EVT_APP_APP_TO_BLE_MUSIC_START  TX >>> 06 01 00 00 00 00
RX <<< 07 40 00 00 04 00 00 00 00 00 00 00 00 00 00 00 00 00 00 00

CMD_BLE_CONTROL_07_40  TX >>> 07 40 00 00 04 00 00 00 00 00 00 00 00 00 00 00 00 00
RX <<< 03 32 00 00 00 00 00 00 00 00 00 00 00 00 00 00 00 00 00 00
RX <<< 06 01 00 00 00 00 00 00 00 00 00 00 00 00 00 00 00 00 00 00

159(VBUS_EVT_APP_SET_MENSTRUATION)  TX >>> 03 41 55 00 00 00 00 00 00 00 00 00 00 55
RX <<< 03 41 00 00 00 00 00 00 00 00 00 00 00 00 00 00 00 00 00 00

160(VBUS_EVT_APP_SET_MENSTRUATION_REMIND)  TX >>> 03 42 00 00 00 00 00 00 00
RX <<< 03 42 00 00 00 00 00 00 00 00 00 00 00 00 00 00 00 00 00 00

161(VBUS_EVT_APP_SET_CALORIE_DISTANCE_GOAL)  TX >>> 03 43 F4 01 00 00 00 00 00 00 08 07 00 00 FA 00 0E 06 0C 00
RX <<< 03 43 00 00 00 00 00 00 00 00 00 00 00 00 00 00 00 00 00 00

5013(VBUS_EVT_FUNC_V3_SPORT_SORT)  TX >>> 33 DA AD DA AD 01 28 00 0C 00 17 00 0E 01 30 02 31 03 34 04 35 05 04 06 32 07 4B 08 12 09 33 0A 09 0B 36 0C 37 0D 39 0E 38 CC 71
RX <<< 33 DA AD DA AD 01 0B 00 0C 00 17 00 E7 39

165(VBUS_EVT_APP_SET_WALK_REMINDER)  TX >>> 03 47 00 64 00 09 00 15 00 FE 00 00 76 00 00 00 01
RX <<< 03 47 00 00 00 00 00 00 00 00 00 00 00 00 00 00 00 00 00 00

167(VBUS_EVT_APP_SET_ACTIVITY_SWITCH)  TX >>> 03 49 00 01 00 00 00 00 00 00 00
RX <<< 03 49 00 00 00 00 00 00 00 00 00 00 00 00 00 00 00 00 00 00

5010(VBUS_EVT_FUNC_V3_SET_HR_MODE)  TX >>> 33 DA AD DA AD 01 17 00 09 00 18 00 00 00 00 00 00 00 00 00 00 00 00 00 39 4F
RX <<< 33 DA AD DA AD 01 1F 00 09 00 18 00 00 00 00 00 00 00 00 00 00 00 00 00 00 00 00 00 04 00 00 00 0F A4

168(VBUS_EVT_APP_SET_DRINK_WATER_REMINDER)  TX >>> 03 60 00 09 00 12 00 3E 1E 00 00 00 00 00 00 00
RX <<< 03 60 00 00 00 00 00 00 00 00 00 00 00 00 00 00 00 00 00 00

111(VBUS_EVT_APP_SET_NOTICE)  TX >>> 03 30 88 00 00 AA 00 00 00 00 00 00 00 00 00 00 00 00 00 00
RX <<< 03 30 88 01 00 00 00 00 00 00 00 00 00 00 00 00 00 00 00 00

VBUS_EVT_FUNC_START_SYNC_V3_HEALTH  TX >>> 33 DA AD DA AD 01 88 00 05 00 19 00 01 00 00 00 00 02 00 00 00 00 08 00 00 00 00 03 00 00 00 00 00 00 00 00 00 00 00 00 00 00 00 00 00 00 00 00 00 00 00 00 00 00 00 00 00 00 00 00 00 00 00 00 00 00 00 00 00 00 00 00 00 00 00 00 00 00 00 00 00 00 00 00 00 00 00 00 00 00 00 00 00 00 00 00 00 00 00 00 00 00 00 00 00 00 00 00 00 00 00 00 00 00 00 00 00 00 00 00 00 00 00 00 00 00 00 00 00 00 00 00 00 00 00 00 00
RX <<< 33 DA AD DA AD 01 10 00 05 00 19 00 DB 02 00 00 00 3D 38


VBUS_EVT_APP_GET_DEVICE_INFO  TX >>> 02 01
RX <<< 02 01 14 02 11 01 00 40 01 00 01 00 28 02 01 03 03 00 00 00
